{
  "advancedEditorSelectedIdentifier" : "ProjectBrowser",
  "openSceneRelativePaths" : [
    "Scene.usda"
  ],
  "recentIdentifiers" : {
    "1D572CEB-057A-41C3-B575-04C37501A3C0" : [

    ],
    "D66134B1-3681-4A8E-AFE5-29F257229F3B" : [

    ]
  },
  "sceneCameraHistory" : {
    "1D572CEB-057A-41C3-B575-04C37501A3C0" : [
      {
        "date" : 737511156.944635,
        "title" : "Untitled",
        "transform" : [
          0.99999994,
          0,
          -0,
          0,
          -0,
          0.86602515,
          -0.5000003,
          0,
          0,
          0.5000003,
          0.86602515,
          0,
          0.49854574,
          1.7590299,
          -1.045737,
          1
        ]
      },
      {
        "date" : 737511153.238817,
        "title" : "Untitled",
        "transform" : [
          0.99999994,
          0,
          -0,
          0,
          -0,
          0.86602515,
          -0.5000003,
          0,
          0,
          0.5000003,
          0.86602515,
          0,
          -0.00663969,
          2.1314344,
          1.5481101,
          1
        ]
      },
      {
        "date" : 737511150.470665,
        "title" : "Untitled",
        "transform" : [
          0.99999994,
          0,
          0,
          0,
          0,
          0.86602527,
          -0.5000003,
          0,
          0,
          0.5000003,
          0.86602527,
          0,
          0,
          2.785512,
          2.7073088,
          1
        ]
      },
      {
        "date" : 737511143.279311,
        "title" : "Untitled",
        "transform" : [
          0.99999994,
          0,
          -0,
          0,
          -0,
          0.86602527,
          -0.5000003,
          0,
          0,
          0.5000003,
          0.86602527,
          0,
          0,
          3.3922257,
          3.7581682,
          1
        ]
      }
    ],
    "D66134B1-3681-4A8E-AFE5-29F257229F3B" : [
      {
        "date" : 737511609.542375,
        "title" : "Untitled",
        "transform" : [
          0.24087818,
          9.428422e-09,
          -0.9705554,
          0,
          -0.49127302,
          0.86242956,
          -0.121927164,
          0,
          0.8370356,
          0.50617707,
          0.20774052,
          0,
          -16.771051,
          3.2296236,
          25.710356,
          1
        ]
      },
      {
        "date" : 737511607.495314,
        "title" : "Untitled",
        "transform" : [
          0.24087818,
          9.428422e-09,
          -0.9705554,
          0,
          -0.49127302,
          0.86242956,
          -0.121927164,
          0,
          0.8370356,
          0.50617707,
          0.20774052,
          0,
          -18.126877,
          1.6334175,
          25.864626,
          1
        ]
      },
      {
        "date" : 737511596.867136,
        "title" : "Untitled",
        "transform" : [
          0.29412633,
          9.556565e-09,
          -0.9557666,
          0,
          -0.44889575,
          0.88284147,
          -0.1381427,
          0,
          0.8437905,
          0.4696708,
          0.259667,
          0,
          -18.06613,
          1.585235,
          25.947557,
          1
        ]
      },
      {
        "date" : 737511594.066616,
        "title" : "Untitled",
        "transform" : [
          0.70173156,
          6.058798e-10,
          0.71244144,
          0,
          0.6772904,
          0.31023127,
          -0.6671088,
          0,
          -0.22102179,
          0.95066106,
          0.21769917,
          0,
          -20.531475,
          2.8922832,
          27.58596,
          1
        ]
      },
      {
        "date" : 737511584.956712,
        "title" : "Untitled",
        "transform" : [
          0.70173156,
          6.058798e-10,
          0.71244144,
          0,
          0.6772904,
          0.31023127,
          -0.6671088,
          0,
          -0.22102179,
          0.95066106,
          0.21769917,
          0,
          -20.879505,
          2.9951353,
          26.78348,
          1
        ]
      },
      {
        "date" : 737511581.298403,
        "title" : "Untitled",
        "transform" : [
          0.70173156,
          6.058798e-10,
          0.71244144,
          0,
          0.6772904,
          0.31023127,
          -0.6671088,
          0,
          -0.22102179,
          0.95066106,
          0.21769917,
          0,
          -22.234236,
          6.947159,
          28.228807,
          1
        ]
      },
      {
        "date" : 737511577.02036,
        "title" : "Untitled",
        "transform" : [
          0.70173156,
          6.058798e-10,
          0.71244144,
          0,
          0.6772904,
          0.31023127,
          -0.6671088,
          0,
          -0.22102179,
          0.95066106,
          0.21769917,
          0,
          -22.741663,
          8.427431,
          28.77017,
          1
        ]
      },
      {
        "date" : 737511561.20505,
        "title" : "Untitled",
        "transform" : [
          0.70173156,
          6.058798e-10,
          0.71244144,
          0,
          0.6772904,
          0.31023127,
          -0.6671088,
          0,
          -0.22102176,
          0.95066094,
          0.21769914,
          0,
          -24.268017,
          8.7741375,
          25.706503,
          1
        ]
      },
      {
        "date" : 737511552.229978,
        "title" : "Untitled",
        "transform" : [
          -0.83387476,
          5.2752114e-10,
          0.55195373,
          0,
          0.5015241,
          0.4175925,
          0.7576873,
          0,
          -0.23049174,
          0.9086343,
          -0.34821993,
          0,
          -18.913034,
          8.3677845,
          20.803879,
          1
        ]
      },
      {
        "date" : 737511541.166525,
        "title" : "Untitled",
        "transform" : [
          0.3883723,
          -8.092833e-09,
          0.9215026,
          0,
          0.5632349,
          0.79146576,
          -0.2373784,
          0,
          -0.7293377,
          0.6112135,
          0.30738333,
          0,
          -27.905476,
          5.6932487,
          25.336763,
          1
        ]
      }
    ],
    "F67208F9-28BB-4CE7-8A14-990DC0C5E0FC" : [
      {
        "date" : 737511240.480056,
        "title" : "Untitled",
        "transform" : [
          1,
          0,
          -0,
          0,
          -0,
          0.8660265,
          -0.49999797,
          0,
          0,
          0.49999797,
          0.8660265,
          0,
          0,
          24.915813,
          43.15546,
          1
        ]
      }
    ]
  },
  "selectedSceneRelativePath" : "Scene.usda"
}